1 67.602133 38.417391 -107.823855 37.912130 63.290154 -32.889861 -29.401955 -37.105395
8 8.553573 8.521350 -3.098309 -26.590972 -34.731740 -30.199310 8.145590 69.400076
1 100.214566 56.551400 -67.138164 -4.753784 -59.956549 -5.886540 -48.202816 29.172431
1 71.182165 -19.905607 -65.399283 54.959373 26.910065 1.783966 -44.968077 -24.562403
4 104.571889 29.769337 -88.492583 178.840667 29.413024 -124.770806 -116.282347 -13.048113
1 111.002474 -103.470822 -28.022516 48.422872 -66.035541 72.880244 -34.288835 -0.486961
7 20.944547 -46.995235 -8.341367 28.746081 -16.123939 18.707458 51.366805 -48.303835
8 -39.099419 4.396607 -24.667319 -15.565822 -51.824160 -31.300173 35.634934 122.425452
8 -46.221071 -42.976097 14.714042 52.869665 31.549906 -71.415321 -13.012979 74.492355
8 51.512668 3.593324 -2.834098 -56.548139 35.060172 -36.889675 -59.926870 66.032804
1 179.877782 17.036507 -69.067573 172.287712 -122.046806 -94.373208 -45.150123 -38.562867
8 -22.938183 8.252361 -20.346622 2.829021 -21.325916 -9.597417 -8.172333 71.299168
8 56.059235 -3.715684 -26.896608 -23.065444 -33.756778 -6.883286 -78.861289 117.120062
2 3.965303 28.730779 -28.831512 -5.259760 -1.273992 -8.597553 11.663048 -0.396176
1 47.582213 36.220012 3.330012 -30.709447 11.412916 -27.319731 -30.799091 -9.716754
8 24.540170 -61.035501 -15.148699 8.077914 9.786412 -49.368638 -8.403568 91.552389
1 39.956634 8.507041 -22.842287 24.635647 27.816994 -23.085779 -58.286497 3.298412
1 163.394502 24.177471 -347.077722 112.028907 -23.364212 146.373478 -134.392150 58.862613
1 71.239408 68.165462 -42.639176 -44.679160 14.478791 1.955259 -7.946910 -60.573309
1 90.189340 88.406907 41.258180 29.914110 -67.851847 -83.471094 -134.326783 35.881755
2 1.453460 70.008234 52.076173 -93.589472 -4.560359 47.848532 -63.063534 -10.172613
8 1.315441 12.546763 -2.858895 -6.824493 -66.543304 5.222201 -12.167824 69.310406
3 3.981018 5.799281 29.136461 0.641785 -1.284940 0.222140 -10.879863 -27.615797
2 124.182842 131.619033 -152.891059 -3.331453 22.793978 43.861339 -68.908244 -97.325175
4 31.050146 5.292995 -51.234408 45.319994 -15.536531 -7.107266 -6.147174 -1.637493
1 68.865840 29.397256 -34.894308 26.090615 9.291127 -34.859165 -54.640733 -9.250412
1 195.935059 69.057551 -10.205120 92.956791 -37.188524 -90.409164 -40.477986 -179.667758
8 23.726832 29.530571 20.233778 -24.692709 -24.512593 -85.747074 -5.861636 67.323590
7 19.628799 19.568097 -38.053027 -71.586194 35.200125 -0.488660 41.011908 -5.280907
8 -2.648106 6.637651 -10.988637 -28.127336 -4.834816 -11.812676 -8.511175 60.285220
4 -12.872106 24.938009 -24.730369 38.056448 8.318362 4.856153 -9.383988 -29.182448
4 15.425322 -7.967236 -28.793300 43.541373 -26.391442 7.630497 -28.305180 24.860027
5 1.677063 6.823628 -33.033323 41.308274 52.585358 -39.804014 30.817711 -60.374549
1 106.380866 -124.819387 44.023975 20.793249 37.154005 -39.430215 -5.290742 -38.811431
6 12.264101 -16.442880 -10.561826 -17.581038 9.334929 47.918422 -11.246223 -13.685376
1 81.646720 20.021367 -11.429425 50.922794 28.313825 0.502512 -64.859224 -105.118273
8 -8.849225 20.409518 -39.272247 1.607927 -17.625907 -10.298001 -29.297930 83.325999
5 7.055436 24.757040 49.196132 183.180737 241.572051 -326.331687 -106.294586 -73.133732
6 23.309094 41.531030 -30.186323 55.349992 24.978625 84.853623 -57.188091 -142.647411
2 -23.386761 103.333760 -62.292894 26.851974 95.540183 21.413210 -106.180650 -55.277715
1 156.831416 53.987778 27.831888 37.250139 -56.055744 -27.223513 -98.285842 -94.335338
4 -12.802395 40.741614 37.971620 79.908127 -74.555828 -38.404416 -94.400453 61.542809
2 24.798771 114.853236 27.245034 -104.468182 -57.413393 33.100470 45.101859 -83.217588
7 -4.669937 -15.858865 -36.695111 -18.246753 -10.591596 -4.661409 95.286182 -4.562348
8 2.890333 13.196173 -27.791479 6.345500 -11.275472 -19.824445 -9.459961 45.919467
8 1.716616 -21.746078 -38.345912 42.112912 2.545049 7.516564 -48.692593 54.893805
2 106.789191 113.031724 -139.307038 26.541563 -91.484480 -83.130971 38.573652 28.987080
8 109.860220 -165.198429 21.537410 179.201814 -160.929628 -158.924864 -16.151023 190.606221
5 -1.224150 2.623428 -19.684378 24.925523 36.626307 -13.007491 18.403356 -48.662400
4 0.408737 44.966138 -52.548121 152.257720 32.118086 -54.979195 -110.174358 -12.048369
3 -9.999140 14.185615 18.785775 8.693945 -13.210424 16.497572 -24.379326 -10.573937
8 -25.732735 -1.479932 -2.923233 -52.770648 18.297812 13.225463 17.504313 33.879026
1 286.823080 -13.695298 -115.521707 80.130224 96.508508 -144.864531 -47.644385 -141.734553
4 -8.302362 2.766783 5.837727 50.976365 -60.731919 1.123516 -38.766223 47.096319
4 195.309655 158.165338 -202.250113 502.535161 -251.241771 -334.125017 -112.166345 43.777775
1 32.830711 21.367860 -62.716032 1.815628 10.000397 -12.396864 20.286501 -11.188099
4 -31.302584 -7.596914 -2.054735 31.110872 10.342573 -2.664966 -22.841202 25.007153
6 -32.903469 -2.650482 -29.721857 49.182930 -23.770231 62.020538 17.190991 -39.348178
4 36.849268 -54.899885 -1.040754 63.710803 -31.443952 14.965720 -25.043879 -3.097138
2 4.708695 59.733157 -26.288082 -26.409867 17.554101 -45.043209 42.346415 -26.601102
8 5.235992 1.864855 -11.029954 -13.438239 13.775291 -1.660303 -22.175934 27.428384
3 -30.996930 -1.423432 29.563615 0.724416 16.180066 -5.756054 -17.334289 9.042808
6 16.974461 -13.571404 2.672049 -39.207994 19.637809 25.341438 -21.201450 9.355297
8 -135.516697 93.197694 39.027243 -39.013461 -12.704847 -48.347812 -79.384847 182.743627
6 34.709408 7.758405 -82.136776 70.360257 -0.619660 71.429420 -72.964908 -28.535846
8 18.458457 2.313467 -15.144936 -2.762532 -6.269769 1.471545 -35.195289 37.129124
8 25.254802 -0.161838 -8.856716 -23.355969 -31.754005 -8.872457 -36.059672 83.805893
6 23.116527 0.164222 -18.520984 1.489714 1.230041 37.256642 -26.522763 -18.213338
2 126.934103 357.578014 -186.519883 -56.283350 13.210868 -78.201082 -339.286804 162.568716
3 17.922740 -2.019020 28.652997 -9.535197 -19.126253 -2.477413 -5.365397 -8.052427
6 2.380550 19.211352 -5.153294 3.126574 41.343792 66.103694 -120.064915 -6.947638
4 -4.190505 14.033055 -14.562870 39.155940 -13.588631 -3.941225 -33.307543 16.401822
8 -5.603972 -19.808423 -12.119778 -22.688542 -11.808115 16.211857 -1.448318 57.265349
7 15.884111 20.176588 -32.805931 -38.119084 24.318312 -11.070665 31.687400 -10.070710
1 457.583017 -259.509118 -276.851889 253.912745 58.230566 -113.346229 -164.165781 44.147914
7 174.489256 -156.181598 -199.075333 48.252890 7.661580 69.413802 285.636036 -230.196159
1 317.525629 -179.812281 -57.444667 287.819328 -59.249077 -10.080000 -186.596381 -112.161636
4 274.671073 -206.811527 -214.240716 329.126295 123.998460 -118.832108 -30.379610 -157.531033
4 17.906183 3.839006 -19.502565 35.125878 -30.628761 3.875220 -13.419860 2.804945
4 41.968538 140.693697 -177.971771 224.785567 8.736896 64.547775 92.211622 -394.971185
1 28.549370 0.689220 -33.816545 28.406609 -22.194712 7.400402 -9.131101 0.096848
2 15.095184 72.614114 -90.015101 6.838865 -4.262614 9.003875 -42.095799 32.821719
1 201.960811 73.808185 109.883630 5.823474 -97.054872 -41.103566 134.579793 -387.896904
4 48.338890 -72.562776 -137.689370 242.275381 2.584107 -69.649146 23.122802 -36.419403
4 10.883155 -36.876659 -16.017321 48.397617 17.376867 37.913504 -62.834332 1.157339
5 16.840045 -119.868508 -33.645471 -44.080917 150.232063 -144.710090 145.424195 29.809213
5 17.751938 -52.756153 0.876421 25.948207 26.745920 -13.035858 -22.365178 16.834825
4 52.280545 17.619643 33.806024 96.596924 -20.584563 -46.887965 72.356056 -205.186511
2 -7.173026 47.872759 -9.170379 4.018042 -16.003871 16.016525 -32.156945 -3.403077
4 -55.821414 -79.170264 -86.403239 176.155570 -30.919156 53.966549 -104.283390 126.476153
4 -6.765734 -28.114534 -25.319894 40.037012 -21.269618 -1.887209 15.930760 27.389263
8 40.561482 -6.173659 -11.668039 -70.064242 28.903434 -31.292111 -44.530707 94.263920
8 14.894353 -6.452981 -20.579635 -3.704007 10.137339 13.892100 -27.509182 19.322039
2 -28.394328 30.745939 -17.616893 9.448563 -4.116450 -10.324380 4.050808 16.206813
2 -25.653185 38.135434 -9.498236 -0.715008 -39.693397 18.808275 0.951541 17.664648
4 858.979949 -82.462347 -874.968072 900.850679 115.604972 -576.892919 147.139079 -488.249809
1 71.906528 7.423518 -26.441434 -31.326941 33.514628 -53.720656 -18.703635 17.348107
4 30.053127 -36.608522 -2.868110 33.599295 -39.855921 -14.630664 5.370930 24.939929
1 29.042194 11.835862 -32.082955 -1.351223 14.566547 10.657398 -10.127374 -22.540430
2 -67.828451 168.787557 -122.001013 81.645180 52.327146 59.699583 -278.127682 105.498752
4 -27.533150 5.474404 11.430123 52.254463 11.385447 -42.013931 -42.825254 31.828019
1 91.061067 25.942099 68.505690 0.397644 -6.691989 -51.534661 -108.187757 -19.491837
1 193.888526 -106.148501 -62.445252 186.265717 9.127349 -118.671389 -22.904441 -79.111727
4 -112.110727 64.771812 -120.192195 170.491015 -9.013804 1.505955 -34.405978 38.954230
5 -48.935599 56.840093 -162.955456 -115.534817 263.264170 -28.110689 -60.866505 96.299590
7 -154.181805 -137.141377 -6.391403 128.807367 -82.737626 13.564151 130.735295 107.345852
3 9.425305 -19.887696 36.332944 9.125527 -51.902704 20.742216 -24.953695 21.118129
2 -0.017211 20.323799 4.966450 -10.691387 -13.448980 -23.739516 19.981454 2.625489
1 77.997013 -36.408005 -21.995405 27.964908 46.490592 -25.127834 23.169416 -92.090556
4 232.841093 -195.632555 -120.029216 232.952478 -113.593343 -124.705278 19.519492 68.648130
4 -56.382686 159.062252 -31.644746 354.794836 -140.252435 -95.718091 -121.256227 -68.602272
8 -15.095356 -74.819208 29.484702 1.194618 -15.116727 -24.927464 46.799388 52.480083
1 129.271551 -4.955348 -18.704488 -34.445999 -37.912820 -47.487545 32.803867 -18.569001
4 -8.829603 -2.545363 -23.709883 38.542537 6.216769 -26.849675 18.536082 -1.360837
6 34.304597 -4.700868 8.555924 -61.998088 -50.402434 89.004054 -37.130124 22.367156
4 -11.435831 -82.731694 -5.047705 40.498856 -1.835381 11.126573 16.146755 33.278501
1 44.363096 -20.839146 -35.745211 5.554032 -20.656503 -10.118763 1.555091 35.887477
4 21.531689 -19.511229 -76.326378 187.258324 -64.610057 -92.696119 133.389341 -89.035289
4 -36.932801 18.877965 -23.963880 33.134038 6.856332 -0.959559 -13.051075 16.039068
8 14.572745 -19.316222 3.929781 -1.854691 -22.820365 -1.883757 -5.790150 33.162681
8 -61.640933 -20.399438 18.917651 36.266887 -20.903903 3.649832 -18.620894 62.730893
8 24.800871 -48.811997 -122.227168 136.519185 117.073685 -49.010067 -218.480450 160.136453
7 68.082068 -7.465790 -73.423160 148.219386 49.703894 -159.545124 167.677415 -193.248335
6 3.561788 -67.594589 61.361577 29.776576 -105.924681 158.979730 -12.872053 -67.287592
1 71.799936 14.003045 -42.353556 23.215182 -45.473984 65.674989 14.856821 -101.722359
8 1.413524 37.299408 34.444513 -108.140868 -78.135196 57.708786 -61.025688 116.435744
1 46.298513 10.666790 -21.682097 -41.108952 16.170535 -14.075375 -12.406385 16.137017
8 8.908829 23.234082 -10.216289 27.163888 -64.404195 9.375508 -35.444884 41.383190
4 179.723490 -173.559535 -41.130991 506.030874 -82.967165 -185.998598 -181.326128 -20.770306
6 -23.148161 -16.386889 7.637364 -24.765257 -15.365552 97.165388 -29.054547 3.917669
2 -7.070746 38.162131 -2.858636 9.600351 21.143326 -26.667483 -26.295211 -6.013642
1 55.701205 3.421781 -15.093541 1.598577 -10.985456 -17.737851 0.709077 -17.613663
8 61.920978 -15.984019 -32.397304 -8.350965 183.450084 -103.261239 -290.966041 205.589025
4 -42.209196 49.082778 -31.965825 89.798902 -20.158547 -44.834015 -23.898647 24.184754
7 -29.156755 26.955791 -40.376455 28.166799 -19.824765 8.841596 38.949759 -13.555802
4 72.440815 35.729925 -58.120514 98.392319 -41.783210 17.748971 -77.573921 -46.833847
8 109.427637 -18.639139 -32.137855 6.472697 -97.928866 -0.375472 -120.901581 154.082988
8 1.854394 -3.218852 -11.856286 9.485333 10.123512 -21.266558 -40.711867 55.590408
1 45.622212 26.459896 -28.522517 21.609202 -28.673194 -19.503159 3.997963 -20.990375
1 283.689169 -96.430268 -70.267209 154.552207 -23.300661 -142.454822 -127.490798 21.703326
1 770.077829 -404.649137 -259.938891 409.704673 -271.655609 -674.434320 115.106823 315.795740
2 14.368169 100.033397 -111.172947 -3.623507 1.652542 46.477885 15.023465 -62.758795
8 -8.085480 -23.182496 10.970382 50.358910 -20.902203 -18.238409 -58.410281 67.489759
8 66.909894 55.384051 -84.074313 -90.918736 -39.366874 -37.877494 49.401375 80.542642
1 154.947545 58.763841 12.745891 61.995049 134.715335 -69.918743 -178.865835 -174.381638
4 -33.542094 -4.777042 27.414707 88.423880 -38.590334 49.270218 -66.849780 -21.349122
4 32.244492 126.599501 -171.140350 155.303716 -6.946776 -90.831312 -109.466584 64.238440
1 92.606283 -34.030286 -48.772684 13.175115 -23.001448 3.501748 5.530177 -9.008638
8 43.079497 -0.948298 -93.559737 -0.503917 28.073644 -25.793766 -23.508031 73.160818
5 14.882828 18.723117 -76.131927 23.775061 58.560594 -13.131829 -63.793387 37.115874
8 6.331267 10.420249 -27.090800 -14.469900 -6.350754 -10.329567 13.273256 28.216337
8 39.621718 26.890544 -39.435299 48.721359 -0.395849 -40.580278 -95.495546 60.673540
1 134.603405 -8.714651 -20.416917 55.408495 -36.785458 -95.059760 -95.125091 66.090645
7 32.441408 56.214215 -32.889433 87.048569 -163.039944 -157.059291 164.433842 12.852094
2 -17.167355 24.723039 -13.176836 15.043183 -13.639787 -28.641305 22.186551 10.672583
4 2.256913 -7.619907 19.620611 25.356757 -19.098436 12.196163 -27.337797 -5.374260
5 -6.754955 1.608071 -26.764851 24.094682 49.433431 -4.433930 -12.531413 -24.650822
5 5.586505 53.797937 -99.868413 -19.148710 93.631062 -91.448839 13.560718 43.889973
5 -21.871223 -0.447434 -0.058936 -27.078068 26.824291 4.788229 -8.495698 26.338902
4 -46.617277 13.678171 -23.338055 25.959478 17.449096 -5.442954 9.026554 9.284998
4 23.157104 -33.230394 -64.068426 55.711434 -8.836486 -16.689812 -2.922778 46.879599
4 102.532750 52.334955 -15.421741 139.994033 -205.335534 -210.519590 98.565316 37.851617
4 56.707208 51.940331 -157.414881 163.272681 97.678723 43.192082 -95.751534 -159.624032
7 2.498043 17.976946 -16.032117 16.698021 -28.424981 -28.960715 29.850496 6.394300
1 94.935138 -0.133247 0.513088 35.142872 -17.741086 -40.892494 5.214867 -77.038949
2 38.025523 55.330809 -62.324976 21.521464 36.975366 -10.040803 -45.888022 -33.599171
2 5.624888 50.432857 -46.090367 -29.029313 5.175359 -30.738605 9.807356 34.817880
8 112.172900 183.960353 -154.593507 97.941774 -150.004890 49.054178 -397.424483 258.895494
6 4.999758 11.316516 -10.062475 -9.896833 7.166544 19.716293 -23.574029 0.334239
2 -21.535680 34.347707 -21.337057 -7.061233 23.444991 -2.712314 -25.738336 20.592088
1 111.543565 -13.563055 -87.059594 85.917768 -47.643979 -32.277549 -49.695949 32.779241
3 -6.269424 8.186247 39.021468 -28.443494 14.523374 -4.934327 -15.975206 -6.108539
6 -56.837136 80.921951 -153.807081 66.128273 72.202666 86.116535 -54.414212 -40.309917
4 15.956645 -25.155135 -6.940132 58.091982 -21.609902 -18.592997 14.328675 -16.079028
4 14.976403 72.690816 8.264197 92.202010 3.478452 -57.777988 -61.165809 -72.667907
4 5.019829 37.347154 -14.248008 71.787898 -47.547958 -72.482266 -9.717538 29.841216
4 -64.377021 146.439398 129.795767 291.868549 -122.229063 -149.133889 -200.373344 -31.989659
4 63.841542 27.937032 -22.563838 111.951180 -58.899099 -14.778127 -43.583650 -63.904736
5 -15.846396 19.829495 -10.151875 -0.104170 65.262030 -22.024351 -25.733635 -11.230988
8 31.800113 -6.345758 -26.186478 -10.130263 -16.281725 17.680148 -25.447865 34.911874
6 37.630482 65.461021 -104.586428 -153.046860 -20.225984 65.692466 49.182811 59.892805
4 130.199626 -92.453345 -101.818964 159.083687 -30.948296 60.997580 -107.298280 -17.760991
3 32.346328 -54.985761 68.920278 -41.630055 -26.038214 5.797414 -13.126189 28.716342
1 90.372724 13.214350 -29.990628 18.794856 -53.599226 9.833469 -71.741635 23.116280
4 27.473449 1.425638 -39.782504 56.241189 10.090995 12.651804 -87.560721 19.460332
1 72.922433 -176.665207 35.028874 30.910047 42.244737 50.754414 -112.364670 57.169948
8 52.303450 -98.207977 -27.464890 38.650000 76.137486 -56.279925 -72.302448 87.164560
1 91.572541 24.957803 29.693390 11.430572 -42.959512 -36.618612 -39.503142 -38.572748
2 -8.781162 96.131324 44.120827 64.994145 -12.937951 -88.893275 5.834148 -100.467970
4 15.990570 -45.494482 10.003189 69.614294 -51.884014 -12.140928 -5.501263 19.412692
1 79.049902 -8.730709 26.810980 -35.027983 -53.530718 37.990121 -89.222633 42.661263
4 10.140875 -42.982750 -20.668560 82.478125 -27.385512 -108.116378 31.505952 75.028572
4 200.950713 -210.023418 22.006357 343.263614 15.561588 -196.442326 -115.295121 -60.020334
4 87.366008 -154.885848 -89.357121 137.818200 -87.776846 99.934533 79.373388 -72.471233
1 277.868142 -119.048330 -101.957929 -12.495944 -5.599680 9.925602 44.073017 -92.763696
1 45.361000 -5.875478 -62.698614 0.411341 8.280501 30.841742 -15.405340 -0.915252
8 21.299030 17.449205 -18.859996 -30.835263 1.197231 -36.246273 2.789722 43.206345
1 15.915023 10.212874 7.419437 -19.368284 7.496273 12.908201 -17.121680 -17.461817
1 198.064101 72.486150 -144.266921 131.875163 45.766084 -169.856331 -193.111110 59.042861
8 -9.081437 -2.221710 -19.176636 -26.310021 -28.668293 39.704600 -38.040337 83.793856
6 -11.455216 20.725073 22.447865 -15.991910 -3.436383 40.027108 -48.315130 -4.001354
8 -5.454944 2.550257 -12.710008 6.016157 3.186836 -12.559563 6.475131 12.496100
4 18.073070 -23.945775 -31.211124 114.071420 27.709284 -52.730165 49.642159 -101.608825
2 76.129236 190.881476 -172.459842 -16.371503 -69.601162 -90.518596 16.310954 65.629626
5 -13.398376 23.152216 13.634691 -2.416447 58.006724 -43.500952 -58.403369 22.925545
2 -17.948033 48.560693 -13.342016 -41.283004 0.561977 42.745344 -26.571396 7.276398
4 223.983311 -91.520474 28.434866 267.900928 -59.684683 -16.146523 -125.813140 -227.154288
1 235.391610 -99.709712 -112.896739 20.644591 40.814818 -74.348363 32.929040 -42.825373
1 135.294043 -5.709543 21.944593 -76.358102 -3.435717 33.114481 -86.042051 -18.807644
4 -23.750547 -33.634080 -21.168843 77.157233 38.575303 11.995653 5.339797 -54.514425
1 591.208611 23.684321 -605.280800 577.415404 122.144965 -410.607346 -327.921947 29.356474
8 74.354729 -47.046858 -41.723426 1.048862 -84.314670 -18.169394 -42.595185 158.445764
4 41.105589 -86.959350 -10.256239 111.745911 -68.066837 105.273898 -23.487446 -69.355605
1 86.436148 22.088630 -15.549132 -73.828792 47.671175 -34.874787 -58.107398 26.164200
6 -11.147338 17.148656 -9.905041 -38.776165 -16.811530 93.913595 -35.227239 0.805067
1 12.907364 0.924242 -11.877285 7.384074 3.647908 -20.178831 11.239310 -4.046820
1 27.666001 -15.860170 -10.035433 10.390073 7.631407 -25.052224 -11.375935 16.636238
1 32.700278 -19.047685 -3.856475 29.150106 -3.215979 -38.922973 -29.401489 32.594218
1 56.399670 -3.295998 1.511500 31.434169 -38.832310 -9.949814 -83.385878 46.118735
4 -59.048956 46.187573 -0.743801 97.167383 3.047474 -29.153100 -41.544609 -15.912000
1 203.905931 -23.429942 -206.945463 99.856943 55.781427 48.110204 -90.532645 -86.746314
1 109.066182 -76.308215 -73.910052 29.987075 -165.303582 80.444126 105.732067 -9.707655
1 492.295913 288.539093 -482.097233 187.265232 127.438167 -262.099707 -156.836508 -194.505282
4 -21.944321 20.854725 -23.859797 49.384157 -3.330018 -14.041140 -52.853166 45.789582
7 3.938068 23.015535 0.050852 -32.681616 1.527738 16.848014 31.333799 -44.032349
1 250.627697 -112.240969 -28.496347 10.945608 75.034436 -10.509569 -116.555275 -68.805555
3 13.865598 -48.757906 32.332857 0.856238 10.385462 -8.682873 -0.339825 0.340502
4 42.258026 8.504115 -20.008243 79.913276 -58.283407 73.430344 -10.331511 -115.482656
1 102.721390 3.746538 -25.164556 21.382792 -19.549203 13.010574 -8.989192 -87.158401
6 -22.284547 -33.450881 -54.556611 59.382310 -4.276148 66.774943 53.499291 -65.088356
4 3.026609 -19.540452 -130.209653 268.838993 -161.923282 53.969659 -14.318920 0.156933
1 134.822842 42.491003 -57.413414 7.769386 -44.088868 7.892018 -6.861850 -84.611186
4 -54.813304 164.499915 -198.644101 196.246333 -33.671393 122.347345 -131.176996 -64.787699
4 8.841331 44.250707 -37.229319 117.268000 -71.360173 -29.615834 2.427265 -34.581940
1 116.994048 -6.330221 -58.405471 9.961102 -25.078539 -88.792165 13.681924 37.969327
6 62.737986 41.445724 -105.557463 5.670014 -58.406424 93.507908 -58.294726 18.896969
1 84.681655 32.235873 -100.711213 61.793631 -19.378667 -70.735614 20.196830 -8.082505
1 251.722506 94.836269 89.108509 101.408948 -29.009385 -14.566235 -192.902015 -300.598674
8 4.995791 9.956750 -28.751365 -50.675467 1.526837 31.179091 -9.631582 41.400031
8 -176.051189 45.033744 9.227695 58.382171 -69.331598 50.125538 22.434022 60.179636
5 18.185935 93.342253 -125.583201 70.721579 218.482312 -131.816167 -77.074448 -66.258217
8 -32.333828 20.542156 -39.559164 -7.001152 -9.532895 25.146443 -4.708141 47.446581
8 120.163320 -22.256603 -109.402206 106.388216 -98.582129 50.367718 -196.020801 149.342641
4 9.426619 2.408655 -16.475884 38.310108 -0.129469 -33.256507 -4.754746 4.471226
8 47.932438 -7.442969 -82.942452 12.954060 -46.877226 -58.977637 58.083550 77.270332
4 -42.000357 30.760731 -61.559159 133.992214 -53.756993 -77.068021 2.825119 66.806417
1 205.015310 79.715789 -88.222486 -108.447834 90.812209 -47.184398 -207.774303 76.085590
4 -0.191062 11.192611 -10.270396 24.284317 6.808710 -31.491184 -7.615267 7.282240
1 32.865756 5.437821 -16.080762 -19.363545 -25.174200 -4.604601 -4.271012 31.190555
2 4.577705 73.159258 -50.132977 -26.910036 -37.786995 -32.157116 2.400141 66.850137
8 -19.669059 6.493043 -10.604129 -12.845055 -17.524776 7.299620 10.174651 36.675713
8 74.950754 74.848087 -144.599039 -8.534720 -52.024210 -12.334933 -38.396209 106.090383
7 5.151380 19.967956 -30.188992 36.815558 -73.542335 -44.833449 61.098845 25.531039
6 35.882828 33.967851 -43.160386 -38.913731 22.114752 147.384785 15.712815 -172.989011
4 249.874591 -37.424387 -60.915665 278.322809 10.022154 -125.508503 -140.240945 -174.130530
1 131.613794 38.610860 -104.690721 -50.701570 79.491224 -31.243935 -77.012028 13.932233
4 66.225468 289.247853 -392.464565 328.509669 -112.390531 -138.990869 -240.714837 200.577614
8 -24.668481 34.039559 -19.147939 -16.394457 9.568433 -22.639274 3.163245 36.078927
4 9.414182 -14.729421 0.906969 26.688764 24.881101 -11.329910 -12.480734 -23.350990
7 7.800618 10.344093 -49.494552 -32.219551 22.508012 2.709804 49.490681 -11.139079
1 81.086414 49.449178 -18.285541 2.011627 -26.966704 24.451561 -56.532517 -55.213837
4 -40.396497 63.272900 58.600932 111.850761 -13.969299 69.443949 -136.353353 -112.448547
4 197.580248 203.213227 -110.681718 264.005204 -73.637793 -125.510669 -301.392449 -53.574576
8 -59.731033 34.415027 -56.533637 26.638257 36.364741 31.078540 -50.130153 37.898442
2 50.648611 193.318208 11.515484 -42.407257 -114.996605 115.138284 -133.679499 -79.536467
4 100.954780 84.362776 -288.844588 317.470414 -142.881169 -171.162954 -211.979343 312.081296
4 -53.367776 -1.259378 -12.045469 45.976154 -13.721857 -3.686575 -3.270330 41.375395
1 121.111827 -37.845528 -106.689299 -2.037102 58.955234 -96.480990 -6.846906 69.833873
4 107.868162 187.194581 -299.808655 260.435906 131.909795 -50.058628 -163.779469 -173.760693
7 64.198080 -27.309152 29.716582 -63.354372 -38.779098 -81.437646 70.503841 46.462680
8 -74.796958 -9.144257 0.811800 13.070502 13.693367 37.937726 -29.559152 47.987257
1 149.333502 114.102329 -188.617601 84.848203 -38.236739 -24.352051 -71.480075 -25.596796
8 -8.167585 -3.167408 -23.329318 18.827499 -32.146237 -3.624125 -7.722124 59.329474
8 49.620094 -52.589659 -3.824580 52.575750 -8.850514 -37.385319 -76.475082 76.929877
6 -58.189590 -105.552294 5.563049 61.906967 -95.189671 76.122100 57.426853 57.912870
4 -8.282507 9.472423 -1.636129 25.878751 12.694250 -14.540087 14.819287 -38.405838
6 13.747473 -69.654902 -106.430078 80.746880 13.815711 109.014695 -61.282561 20.043682
4 -58.496011 8.835727 28.176899 31.673883 11.519514 30.416386 -81.653979 29.527644
4 20.504024 -83.621913 -124.004613 104.702756 -114.306981 102.711224 71.016385 22.999772
5 -44.686236 64.447509 -117.901331 27.879264 123.671366 -93.842935 27.137465 13.295325
8 -12.020280 -2.958946 -19.170219 9.001224 -5.144029 -7.735454 6.164600 31.863125
8 -21.992372 24.339234 20.224319 -2.133222 64.489633 -75.528792 -142.081135 132.682655
8 -16.160162 7.919520 16.236399 -56.721285 -50.192353 -7.151437 43.196422 62.873128
4 335.349003 150.094489 -300.941147 380.889257 -312.991231 82.061647 -362.987205 28.527642
8 -12.040266 -12.280037 -9.165485 23.140572 0.313602 -1.422374 -71.632658 83.086790
4 -49.284346 -12.179556 55.791773 89.005119 -80.356262 -54.695402 64.142169 -12.423013
2 1.177471 359.617403 17.610349 -114.581665 -325.976971 -21.161974 199.008524 -115.691927
4 38.380352 -97.685201 10.747716 213.264892 98.554965 -152.545101 -163.767812 53.051032
8 8.989152 14.876104 -21.183009 21.251288 -48.581110 -7.687117 5.729475 26.605338
4 -53.523945 75.969407 -31.064979 194.536039 -27.946468 27.168545 -183.647972 -1.490178
1 86.167797 62.429330 -65.118567 9.799612 19.064526 43.194203 -76.396386 -79.140260
6 31.125169 -9.384539 -39.501434 -32.849435 5.435697 100.048115 -34.844425 -20.028886
6 106.953094 43.056562 64.292913 58.559035 -66.777131 167.162562 -90.416378 -282.829541
8 -41.132213 -25.468979 -22.599352 84.248275 -77.084018 -82.260999 -18.630666 182.928562
8 20.659462 11.213949 -9.930944 -15.504635 -45.508414 -6.754592 6.265957 39.559310
2 8.692078 44.848903 -24.208857 21.024089 -51.015769 18.125968 -7.947411 -9.518870
2 19.864847 65.013730 -22.663117 30.609669 41.687309 -53.902962 -7.153877 -73.455538
8 -3.905808 -14.301569 17.312944 0.864766 -15.389688 -1.171670 -26.770890 43.361979
4 40.442808 -40.761262 -45.243240 81.346683 -0.186639 24.855942 -87.725667 27.271626
4 -8.319081 17.214146 -149.028719 259.300273 70.674938 -136.851632 -81.303418 28.314107
4 -73.824349 -34.402029 -23.134428 188.806945 -74.091680 133.788017 -251.808695 134.667143
5 -15.995098 -29.882930 -20.776666 9.868469 40.566982 29.040410 -44.158007 31.337032
8 2.589131 60.135547 -37.476578 -17.899507 -54.483270 38.341813 -76.121340 84.914489
1 164.476374 34.565481 16.169709 83.243235 -53.642945 -70.214472 -65.613878 -108.982871
2 -34.584043 46.308261 20.516681 -38.610957 -28.915221 -13.996939 28.480949 20.801487
8 100.651623 -28.941113 -198.645906 89.253408 25.570432 6.122479 -124.172846 130.162280
8 14.600843 73.769232 1.212864 -139.995558 46.211569 -1.868917 -137.636190 143.706886
8 2.063467 -12.735431 -7.036569 43.724888 -18.028511 -28.151371 -33.393318 53.556966
4 21.632294 45.451354 -77.436727 100.155296 -20.602341 -14.534551 -66.187106 11.522027
8 6.586870 11.178455 -1.651262 -28.461251 -23.746811 -2.524257 2.811340 35.806978
8 -25.995158 26.235349 -35.979863 -20.010701 20.759248 -7.299794 -18.988073 61.279026
4 147.567998 -224.419052 -111.174854 269.447612 64.646064 -35.776953 -184.800336 74.510666
4 34.604846 13.531231 -30.391450 67.933543 -62.144868 49.323951 -13.891986 -58.964995
4 56.864097 8.422070 -65.150795 104.852557 9.507106 -62.057052 -84.455979 32.018320
3 -44.314338 46.137446 112.937656 6.283991 -38.249162 -25.367569 -72.452084 15.024191
8 -32.002407 11.200260 -4.900794 5.127920 26.533371 15.619412 -92.627293 71.049627
1 81.079173 -34.991831 -36.658354 -8.605081 27.052110 -1.057626 -39.231852 12.413783
4 178.316527 -175.689370 47.848727 326.098677 -122.444644 11.176309 -352.965526 87.661462
1 43.161469 -7.898085 16.218872 18.942589 29.377850 -92.301297 4.955227 -12.456255
6 13.934958 21.104738 21.569499 36.695135 -24.179912 82.878551 -109.998574 -42.004170
1 158.224989 -66.514022 52.825960 15.009482 -59.270273 -25.473539 -7.453573 -67.348276
4 57.045246 70.552558 -72.631315 173.494443 -55.348847 -98.374956 -12.648222 -62.088404
6 38.858985 86.218219 -100.834142 45.329368 -86.567060 129.262471 -2.006650 -110.260864
4 -38.016676 -29.104871 -33.699891 96.676849 51.655412 0.160142 -45.473897 -2.196804
1 115.502327 -24.172938 47.916493 30.387197 9.386097 -66.181438 37.827381 -150.664889
8 101.333166 -56.911324 -278.966216 227.698876 -13.947694 -43.524407 -239.561895 303.878616
8 30.726150 -2.337016 1.440589 13.591185 -18.649223 -40.922961 -38.249456 54.400677
8 -15.614745 15.992875 35.392462 -44.922705 -64.976320 31.223400 -11.422972 54.327900
1 39.098735 -18.559721 -106.248372 37.335877 16.157283 19.707468 22.713821 -10.205248
4 -32.568890 -54.968298 -57.932493 97.449730 -25.121178 0.682705 75.007285 -2.548914
2 79.632846 104.596825 -22.894694 -18.021822 57.154400 -62.612411 -50.780795 -87.074703
8 -16.580512 -12.669671 15.103743 -25.650741 -9.272642 14.195794 -0.342657 35.216681
3 -11.780092 12.112296 52.844522 -61.713303 18.417435 -0.964752 -19.329100 10.412948
1 157.855189 -164.591017 65.664827 151.915463 -116.876922 72.275895 -199.313707 33.069473
8 18.250306 7.418063 67.828819 -18.753947 -56.022474 -60.959031 -200.561144 242.799306
2 131.021838 171.774583 -151.076221 80.989400 50.014550 -60.125356 -324.931412 102.332034
7 -6.390782 -86.842038 -48.394440 39.739812 -6.666929 -10.413100 128.633623 -9.666261
4 -0.418131 9.512228 2.495670 37.943564 6.087426 -0.712818 -64.747541 9.839603
5 5.226971 0.670699 -20.546569 1.902808 11.218060 9.501176 -11.067199 3.093990
3 -87.973290 56.138098 118.752333 0.365628 -24.615055 -40.479121 21.845507 -44.034248
4 291.755572 -110.033571 -129.411755 498.735389 144.160758 -353.369837 -361.791886 19.954615
1 76.950764 -44.837875 41.786324 73.558832 -47.410255 -125.851251 4.270523 21.532740
8 -10.948294 19.618009 39.687362 -60.413625 8.459701 -18.458411 -37.942253 59.997371
1 105.831813 59.480659 26.984391 60.418047 -1.736154 22.307073 -75.155823 -198.130165
1 200.823393 95.079801 -159.464159 66.597734 -143.451820 -69.361776 -7.436895 17.213162
8 -11.795047 0.262114 -8.242126 -23.880285 -26.021952 19.700041 17.325943 32.651286
8 -36.932959 10.411064 -42.773084 12.626025 -48.220527 43.351042 -19.655184 81.193516
4 18.856374 49.226130 -101.642574 132.478236 29.035117 -126.390330 -31.696287 30.133219
6 -1.286869 -26.283892 -16.732607 -44.387092 57.460788 71.395338 -53.563912 13.398068
8 61.890668 -27.717387 -21.898366 -34.743812 -1.816735 -33.188765 -58.291416 115.765824
1 58.410996 -55.587306 -38.219211 2.708279 42.631921 0.300448 -4.869048 -5.376183
8 -33.029001 14.248945 -0.863010 -25.226295 9.057701 19.372439 -8.670936 25.110136
7 5.580735 -17.623420 13.814010 -36.450522 -20.787135 9.594079 27.427688 18.444505
2 76.928600 147.103527 16.495421 -74.172614 -31.362206 -12.505388 -85.713571 -36.774148
1 129.983119 -7.077947 -123.050945 37.396622 12.777694 -39.584749 -72.175420 61.731507
8 -21.126509 16.733678 17.220423 1.332734 -12.638481 -28.245559 -12.992127 39.715812
4 -42.701991 -42.994875 25.228975 156.352183 52.950230 -112.220408 -99.644333 63.029960
2 19.049665 144.903274 5.158315 -131.812344 -68.008298 -34.406923 -22.486715 87.602784
4 16.376147 21.452822 -29.399833 32.095211 6.111626 -35.224326 -18.155079 6.743404
4 15.220596 46.455474 -88.502285 97.247670 -61.850193 24.245563 -25.807863 -7.009248
1 71.647583 -27.777408 6.418189 -0.974223 57.143318 -46.489594 5.321165 -65.289230
8 23.257199 28.109779 -23.736236 12.043958 20.817604 -105.385300 1.921206 42.971766
1 338.711192 -78.833427 -42.070694 335.374387 -80.184998 -9.820979 -157.148134 -306.028402
4 164.746140 60.713885 -80.207345 273.234103 -122.039912 -97.332002 -198.290888 -0.824356
4 118.184534 -10.319551 -75.684235 252.024866 -63.134932 16.456385 -142.686190 -94.841559
4 135.413217 167.593172 -220.643530 393.051661 -109.181614 -212.188137 -407.526814 253.481198
8 0.561261 12.725938 22.516448 35.365217 -41.941102 -0.101229 -106.242677 77.116075
6 -10.578420 -49.891722 -1.436672 -2.376935 -35.590298 55.432933 30.800560 13.640511
1 118.554954 -70.678310 -17.366679 24.286130 27.588281 -21.874090 7.221975 -67.732495
3 -24.465398 -119.146877 60.703012 36.282519 54.234756 -36.583754 32.482617 -3.506960
1 161.513837 -131.752666 97.028987 16.048969 -34.513535 -145.772806 -99.430606 136.877539
8 155.215496 8.852414 -10.715513 -65.561814 -35.448623 -165.780599 -67.590013 181.028381
6 218.523825 -56.417962 -205.084667 67.677852 88.441847 363.103188 -384.826567 -91.418572
4 73.640082 -9.656677 20.354994 88.364098 -7.288534 -84.728521 -47.692787 -32.992723
3 15.552368 -22.659913 46.795671 18.977116 -20.885480 -47.294842 -11.423621 20.938577
1 57.524337 -24.545860 6.312767 -35.153001 39.747964 -18.340392 -30.579639 5.033802
8 -94.687657 16.336309 -68.830152 71.509258 72.115160 -21.122289 -97.683667 122.362844
1 129.397910 -88.980964 -49.379004 53.635015 17.812083 30.518204 -28.529465 -64.473925
8 65.103469 8.770576 -24.559675 56.056751 -70.251876 -21.509038 -146.415682 132.805036
1 35.182729 5.550974 -29.411455 16.891029 29.333689 32.301395 -50.527875 -39.320596
4 44.785814 -12.671931 -35.694248 122.717267 -66.783657 -39.592931 40.180017 -52.940432
7 -34.100079 -18.325431 17.714246 27.560479 8.171172 -33.192512 30.036744 2.135353
4 -48.314029 -43.346454 46.586790 150.131107 -143.540493 12.622790 27.637873 -1.777684
8 -29.458571 53.302921 -73.673675 18.911053 -73.316330 29.557564 -220.858011 295.534486
1 229.323393 -91.679639 -27.950335 25.660110 -168.362278 -84.711377 44.643214 73.076514
4 16.049862 2.593860 -28.725541 56.448666 -10.793553 11.673273 -30.623892 -16.622732
8 15.204908 -61.417828 -109.247703 85.315288 -98.981250 -161.009795 65.707245 264.428860
4 7.756051 -67.587589 -18.600263 38.528333 -1.917625 0.152714 36.318034 5.350302
4 43.596651 12.395184 -56.645671 71.977367 -42.546784 -27.048668 -69.980793 68.252560
6 9.051936 6.051226 -63.624027 -0.002603 -4.559347 89.888412 35.767423 -72.573166
8 56.111961 70.299602 -81.247601 63.901597 -34.961427 25.616857 -188.478271 88.757095
4 -3.319352 -3.588833 -16.195238 48.066179 16.925763 -21.964355 -23.828945 3.904769
4 -4.883663 0.919080 -40.353208 33.106752 15.880069 -3.537825 10.363287 -11.494586
6 55.610850 7.004579 -60.933746 -112.165492 60.119913 157.802060 -177.003227 69.564912
4 62.986791 -9.841913 -62.748210 63.726555 3.538287 -32.023372 -19.987068 -5.651098
8 17.280142 -26.029311 3.053192 2.278956 24.411617 -14.795153 -40.826767 34.627319
4 -75.548366 24.175159 116.924844 126.726298 -86.345201 -31.453356 -32.887473 -41.592055
4 -0.772828 -6.432267 -51.020318 65.822796 -96.270844 48.453651 64.501607 -24.281949
8 22.319377 -0.184505 -60.842404 76.037482 27.060779 -70.746485 -98.100814 104.456432
2 31.118566 285.243539 -117.047028 75.579747 -103.832243 26.323649 -195.933509 -1.453010
8 4.659004 -25.506838 -4.723057 7.429342 -24.630456 -3.102669 -2.863927 48.738601
2 8.681706 61.178004 -39.334948 30.358430 -13.932293 -8.679993 -44.588808 6.317855
8 -45.766424 -28.161197 -17.280178 48.396632 -4.935199 10.005115 -83.984125 121.725287
1 37.129919 7.226222 -32.676216 9.485368 -9.874030 19.731876 -30.109022 -0.914166
1 135.088992 59.069981 -68.995848 102.305501 -109.130120 66.977323 -150.921850 -34.394152
8 8.487146 1.448166 -11.381799 -8.681721 -5.778692 2.274053 -21.456255 35.089097
1 139.776961 48.685954 -12.715120 -61.290325 5.462406 84.430353 -188.371544 -15.978667
4 27.792667 -38.091979 7.943732 75.322608 9.149058 17.309623 -42.405135 -57.020614
4 -16.397492 -0.322636 -45.255980 176.109719 -14.520711 -51.309572 19.940357 -68.243769
1 399.281521 232.582329 -191.004615 369.190639 -525.539696 -29.384404 -30.150327 -224.976143
8 17.285346 -31.927512 25.682956 35.379160 -56.225692 -5.751101 -31.952347 47.509124
1 114.857672 23.960421 -32.778097 19.398173 14.527856 -20.368128 -81.748889 -37.849061
8 5.016954 8.208758 -14.401221 -45.445145 12.950442 13.733876 -15.962798 35.899126
3 65.607614 -46.897683 100.101996 -77.882901 -77.037350 90.750991 14.792904 -69.435731
7 -15.199927 -11.712865 -16.544118 33.983836 -22.568038 -9.895111 54.936613 -13.000414
4 54.376256 8.668298 -51.393236 77.883731 -80.926923 -63.173028 1.103429 53.461205
8 0.171150 -25.999360 -46.730554 1.532400 -2.176064 -46.987701 42.673436 77.516703
4 111.387688 0.062252 -63.030752 171.825219 78.295771 -8.549360 -213.335418 -76.655665
6 -73.705902 3.482735 22.313020 10.849630 -70.003073 92.111460 4.772868 10.179255
4 -48.550643 -79.478505 -178.534500 152.625143 -143.252872 103.201307 71.737796 122.252239
2 66.884642 153.812830 -125.238670 68.976793 47.740900 -66.148413 -69.853717 -76.174663
1 345.043823 27.836910 2.518637 37.041694 -445.204908 197.733791 -250.113048 85.142966
1 162.189617 -45.420974 -17.792676 24.835548 -7.145165 -122.130608 5.600274 -0.136273
1 148.158692 50.912649 -31.712098 38.935529 65.822469 15.415613 -162.967542 -124.565500
4 148.213326 -31.852529 -253.890841 225.737867 185.623193 -18.877040 -393.880748 138.926211
8 0.890399 19.324927 -36.882011 16.164832 -7.803037 -43.963918 18.539473 33.729287
7 57.618233 -103.141855 -9.791743 119.007137 -56.705653 -39.872914 129.457991 -96.571394
8 45.743741 32.687957 -38.864649 -74.770695 -7.663898 23.001000 -43.701799 63.568230
8 -11.150837 8.790846 -2.916392 13.325169 -8.466997 -21.723089 5.313810 16.827493
8 -1.218454 3.615836 6.150568 -24.144087 10.505866 0.713811 -30.539368 34.915796
2 31.000015 46.885216 -30.244907 31.378348 -35.780051 -18.863545 -14.363925 -10.011209
6 -21.720628 3.958076 26.513860 -38.343912 -15.755206 66.823809 -15.521734 -5.954263
4 -11.919703 41.891353 -22.853157 43.832722 7.829507 -16.482543 -14.721690 -27.576574
1 164.384440 -96.585845 -161.869810 31.855683 22.850266 2.658853 -44.531477 81.237486
1 307.244299 -211.536975 111.527717 69.041382 -2.321421 35.456546 -181.094239 -128.317592
1 36.686034 -0.200477 -2.498299 4.164275 4.226048 5.661831 -56.229296 8.189934
1 65.190043 -5.834087 31.841149 -6.171901 -17.930663 -14.990430 -41.520201 -10.583886
4 116.392352 17.426127 -50.407368 182.048662 -109.926182 70.766888 -29.716355 -196.584230
4 14.215597 26.121377 -28.292514 60.794693 -71.434668 -31.193172 -16.824978 46.613643
4 -34.636582 -36.894490 4.554847 99.395078 -32.433029 -19.434017 4.715473 14.732702
7 41.542413 -13.831204 -114.601355 44.635790 -30.668662 -6.555615 87.119537 -7.640943
6 76.446928 -10.031218 -0.876178 -30.299213 -64.663927 105.978707 -108.318897 31.763752
4 29.378638 -40.461802 -36.469636 53.938230 41.114668 35.244747 -65.359135 -17.385811
4 30.196124 62.172850 -52.081160 75.241674 -98.521146 47.362921 37.591283 -101.962782
6 3.921666 8.685091 3.185303 26.063144 -23.264414 36.182321 -27.485436 -27.287681
3 -16.242795 22.828534 80.822387 -2.706324 -80.223146 -8.734610 5.746278 -1.490391
2 160.397205 397.143428 -11.830857 -71.384603 90.775127 12.319795 -446.576629 -130.843982
2 17.112383 33.758299 0.197781 13.081972 -67.734536 27.746632 -20.794984 -3.367542
7 -31.192891 26.113406 6.157155 -10.440903 -6.010470 -26.717259 26.621251 15.469705
4 192.950081 -345.410737 -108.487916 210.572264 -137.063942 19.495757 76.913278 91.030702
5 12.728544 -21.007628 80.871179 -33.901105 137.368978 -16.552490 -137.855585 -21.651897
4 21.707500 3.499938 -141.553420 109.565404 76.074034 0.371483 -154.602103 84.937123
1 149.287615 54.895328 -68.527015 122.901380 40.171160 20.910883 -170.644502 -148.994981
4 18.624083 1.510573 -17.863600 26.102534 -0.595083 -13.328611 -14.227514 -0.222362
8 27.203537 22.474542 -31.269372 -14.039671 -69.533294 20.821916 -4.812345 49.154387
4 236.062642 -142.776402 -205.475364 262.486835 107.908739 -262.955092 178.751286 -174.001909
2 -14.280093 346.719400 -242.410590 229.734507 -164.356006 -0.214021 -124.640045 -30.552493
1 180.269597 -84.802103 -151.961250 178.584492 -112.256628 -73.951699 -18.149417 82.267435
8 54.088318 -18.412252 93.485356 27.101621 -141.462035 -32.309213 -145.947646 163.456293
4 228.542926 -121.817402 -181.160338 231.368698 110.166685 -122.759814 -31.985765 -112.354215
4 172.025555 -52.368482 -167.642958 401.149932 6.509096 -147.664021 -104.038075 -107.970417
4 48.015887 25.837888 -153.513344 95.122960 -62.871029 66.667683 18.977255 -38.237040
1 269.983704 -87.435942 98.336780 -51.124553 49.696121 -156.163662 -216.357571 93.065656
1 504.286612 400.494874 -282.269770 -148.509289 -110.050224 95.978350 46.175071 -506.104433
8 -5.268663 23.641158 43.590139 -56.895644 -13.700226 -0.725532 -66.495660 75.854517
5 47.591933 -68.999229 62.645678 -31.757914 84.233463 -34.800410 -38.603945 -20.309390
4 -4.046002 109.858091 -308.928919 198.330234 108.404326 40.723506 -121.985630 -22.355258
4 -26.672808 15.111609 -155.904987 252.401907 56.031798 61.003958 -75.977754 -125.993619
1 278.482711 -34.741452 -97.597259 107.926271 -136.269641 -9.827204 95.301512 -203.273955
3 98.093887 -81.281739 100.995919 60.815387 -62.976161 -9.901122 27.965523 -133.711697
2 -38.375886 50.374872 37.605367 -33.135796 14.622568 9.883385 -87.877142 46.902742
4 31.155028 14.001000 -61.601787 118.621411 -19.908208 -23.510569 -16.451455 -42.305012
4 7.790529 13.200273 -32.066058 38.446348 9.011495 -12.372350 -44.004552 19.994283
7 14.673807 -4.124557 -19.068869 -37.809633 -1.763200 20.018612 37.486241 -9.412345
4 28.812448 -14.852302 6.691277 89.211394 -0.447114 -68.378491 -7.283890 -33.753119
4 10.471219 -7.495906 -22.782899 113.771983 -5.880357 -0.007222 -49.988255 -38.088584
4 -36.659774 103.388324 -83.501728 158.998015 -175.117218 48.429808 33.393451 -48.930118
4 124.596624 -56.033053 59.078251 154.940748 -105.774254 -105.321824 -52.625140 -18.860973
8 48.560638 40.178914 -149.037063 -153.994251 147.099433 -10.603400 -70.556629 148.352790
8 -35.411568 -64.630006 0.134905 71.944882 -32.677591 -24.694369 -7.621147 92.955059
4 -47.181365 98.430285 42.012319 196.677872 -50.243056 -90.077095 -120.985341 -28.633456
4 186.901128 -120.358838 -122.986559 214.421241 -78.343022 -71.639670 156.936619 -164.930341
5 73.102613 18.650768 -16.954547 124.974543 155.859667 -113.534233 -154.443827 -87.654650
4 86.212581 13.183438 -128.539455 357.855398 -370.052914 47.169726 44.925669 -50.752584
1 45.953724 -39.252977 14.046613 13.997453 -22.758448 -36.279431 -8.966298 33.259499
4 23.705535 0.667255 13.393132 54.968555 -19.970263 -1.811088 -33.555029 -37.398077
8 -20.989962 19.771182 -31.885895 26.030882 -22.641024 -35.904187 15.252647 50.366397
2 -124.348296 174.220118 -55.080735 39.468253 56.560315 -156.821905 2.536425 63.466287
4 16.233418 5.589423 12.207084 89.676131 -76.566311 -14.625889 -59.383779 26.869997
6 59.945048 10.422068 -76.550065 15.242487 -30.121035 74.206741 -9.630492 -43.514634
4 234.942791 -130.615217 -61.440710 540.324765 5.129471 -333.266957 -141.443038 -113.630212
4 230.975458 24.623290 -196.166072 269.954472 -246.704322 45.373758 135.579595 -263.635034
1 271.499407 -8.926484 -330.101933 51.002750 39.558013 -261.487281 156.098831 82.357073
1 240.236056 -77.400601 -80.436181 109.488663 100.532501 -83.922719 -134.068642 -74.428984
8 -27.008460 35.550621 -24.774117 27.804862 3.607637 -8.561494 -56.242164 49.623165
8 -98.835877 -11.327868 -11.009889 44.340304 37.754961 -16.304981 -8.677800 64.061268
1 295.939440 -43.210330 -34.402563 47.850944 1.052308 -141.228549 34.765147 -160.765703
1 32.265629 -5.808398 -6.978087 14.031265 -18.079684 -32.239859 -9.061843 25.871057
7 23.219577 -45.959245 -13.870743 5.493482 -85.558006 32.896941 60.423659 23.354478
5 -35.712360 2.983960 -27.228910 36.514570 41.319830 -32.961669 15.894489 -0.809854
5 110.261302 -21.088529 -47.681887 -97.834597 116.527719 -20.391931 -48.595874 8.804068
8 -8.104695 33.437467 -38.346199 -27.719559 -41.506582 -8.954038 39.084740 52.108986
6 -147.331300 -46.043414 21.540154 29.861100 24.249243 93.941841 6.118584 17.663911
7 -7.224902 -7.146610 -20.788055 -23.608218 -19.500720 -7.225782 92.841120 -7.346778
1 163.933880 -9.837458 19.332405 -55.628605 -7.174823 -22.335181 -89.614788 1.324803
4 -18.216655 -20.284637 -95.142887 291.588475 -126.483479 155.045040 -191.328413 4.822739
1 335.033287 168.052707 -154.266700 201.771655 192.762751 -113.162458 -279.478836 -350.711893
2 -9.364259 22.378472 -12.617061 -3.356972 -7.478583 13.914128 -10.235043 6.759360
8 -4.810263 32.871627 -18.868681 -0.461005 -4.319994 -19.762712 -27.400860 42.751951
4 88.702353 131.051675 -271.171264 237.597879 26.687058 -48.070910 -261.510543 96.714655
1 148.245391 -24.227883 15.209905 74.948936 -231.280944 -116.415826 111.757901 21.763111
4 295.426899 73.324449 -342.417463 566.940957 -308.373570 41.522558 -211.387165 -115.036875
1 236.963894 -84.388080 -107.320821 27.138110 207.259271 50.957951 -218.491220 -112.118497
2 52.163601 102.049501 -57.900248 96.496721 1.009280 -101.289659 -23.125442 -69.403497
8 12.021700 41.680596 -5.353103 25.567058 -98.942115 -86.761005 -36.659847 148.447135
1 359.056459 -150.092029 -33.172066 110.379541 -54.787759 -12.915964 -175.731712 -42.735950
2 161.498883 220.839606 -28.830312 -206.826435 83.441404 -15.095333 -347.969268 132.941696
2 333.159671 420.267329 -127.967295 326.666273 -186.790180 2.973498 -93.444103 -674.863968
1 120.451336 61.566764 -147.178522 31.315004 -71.162911 109.341697 -27.316395 -77.016944
1 360.458245 -372.578990 263.856228 129.452833 -238.026588 10.977898 -74.437188 -79.701795
2 111.820058 213.548850 -93.939001 57.967093 28.747596 -67.687079 -273.467610 23.010270
4 119.713299 -178.619943 11.818921 259.771742 133.897856 -314.423824 19.202274 -51.360167
5 -6.251373 -3.587103 -30.162754 10.315254 41.198941 -15.141665 8.194483 -4.565776
8 -36.439693 -11.141382 28.626257 15.122435 -65.037737 24.219945 11.961134 32.689200
5 13.682666 11.402025 -14.160465 18.436563 28.261266 -8.649047 -6.910349 -42.062635
6 -28.900453 7.068318 -30.107103 19.952368 0.129659 45.713954 -23.494319 9.637646
4 36.724789 -47.144672 -36.212582 41.870240 11.114156 -27.120380 1.723509 19.044959
4 114.108024 23.130712 -104.198986 138.898767 -37.982012 60.525691 -290.183949 95.702056
8 45.287900 -60.769725 -24.007570 -10.299676 17.867441 -27.616662 -134.238455 193.776909
4 232.310587 116.653972 105.140354 551.597620 -548.935327 276.339976 -225.047909 -508.057812
4 7.827251 -29.097731 -44.516455 100.113962 -29.083519 -47.089049 58.493640 -16.648067
8 -14.097435 -5.470003 -33.379398 23.391395 -7.944184 29.618359 -37.641219 45.522525
5 -13.953675 -15.251822 2.839057 22.707139 22.714640 9.680875 -19.643493 -9.092624
1 279.366240 -16.044673 -38.848642 33.879180 31.459198 -156.882684 -27.371596 -105.556779
1 26.998850 -9.297108 11.652594 -14.556213 -3.404429 -4.986918 -14.784819 8.378039
6 16.293849 -31.762308 -38.933205 -19.790942 38.957644 75.040435 -63.113864 23.308436
4 -67.009291 -62.351318 19.258921 134.190578 42.526354 -71.158691 3.250224 1.293391
7 134.345685 67.910142 -292.204417 128.652321 99.097079 -160.439586 232.411469 -209.771881
1 76.530433 24.640282 13.981763 -21.762118 7.800909 48.476039 -55.140288 -94.526919
6 -8.890312 -50.634392 -31.115850 5.039327 5.255468 53.426832 42.056753 -15.137697
1 32.966387 2.565265 -32.546253 1.904967 -23.510635 8.583864 -7.322885 17.359375
4 98.258326 6.701029 20.975707 129.906997 -118.741901 -61.914712 3.994165 -79.179290
4 14.589744 0.917023 -29.183140 36.412025 12.557974 -2.919452 -67.120558 34.746416
5 19.727002 -2.734415 -13.225190 14.361429 38.015831 -19.322328 -29.658760 -7.163541
4 -49.612302 18.832964 0.902057 79.487051 -56.710277 6.385132 -31.053695 31.769148
7 7.882101 8.462493 -9.611139 32.706901 -19.357194 -47.363730 37.136703 -9.856110
8 -26.877944 28.252901 -84.088070 -28.278044 60.151750 11.187449 -29.288231 68.940234
4 146.596969 -2.748660 -359.941858 429.884610 -18.343548 33.874735 -229.404978 0.083016
2 -25.868484 66.604409 62.902937 -45.703931 -32.705138 -42.873127 3.720806 13.922776
5 13.452073 -32.955139 -0.013892 3.959567 38.756850 -37.985018 -12.143493 26.929094
7 -19.253758 -2.790940 -6.822840 21.782067 -13.052111 10.228144 40.285225 -30.375757
4 -165.410491 19.614794 -21.657530 214.107314 -68.648071 24.058539 -56.248381 54.183995
5 -12.643302 39.355891 -0.319391 -41.780927 49.949593 -8.234497 16.453748 -42.781052
8 22.306185 8.969587 -27.484473 -9.167654 -1.927481 -87.378169 4.017709 90.664449
1 113.911554 -36.498273 -97.333275 -6.641453 18.420736 -21.124933 -6.849299 36.114972
8 -5.113838 7.650358 -6.130200 -66.903666 -71.513234 13.452102 -29.557589 158.116255
5 17.917086 17.728645 -33.870595 -15.947191 33.076530 6.364381 -50.374827 25.106000
4 -57.938201 35.809005 -17.840761 43.327691 -31.112245 -2.557498 27.748240 2.563782
1 87.107682 11.579612 -86.780194 2.245903 31.061883 -25.516755 -11.066248 -8.631833
3 30.676387 -16.172531 54.967250 -3.791666 -65.274575 -0.022855 -9.133134 8.751176
1 85.561379 -16.789511 -46.435102 -25.197690 -0.970282 -17.943841 -2.524039 24.299134
2 -102.196546 150.915190 -150.263308 94.500559 122.325321 -69.698788 -52.178177 6.595900
4 56.939526 87.708970 -49.154590 95.853839 55.163265 -232.603382 -28.022431 14.114923
1 174.898634 -306.599243 -23.505531 165.993190 -70.496132 77.991541 -90.858458 72.576345
8 9.817534 27.155765 5.974275 27.502848 7.747779 -116.016515 10.084499 27.733918
1 228.520867 -18.096147 -105.669242 -23.107189 -39.433432 -21.501933 -5.041826 -15.671037
8 48.834927 -67.937790 -56.037984 -66.868246 13.829928 -1.974382 -118.668254 248.822056
4 33.385942 -26.314332 -20.697768 60.028660 17.397625 -65.027847 -42.210416 43.438251
8 103.718511 196.974575 -260.668095 -17.465758 -179.108967 71.315303 -253.491976 338.726854
1 44.881077 3.047920 -25.826310 13.033295 -26.169870 -56.763516 21.458627 26.338807
5 65.634977 -83.000551 66.694827 -51.526495 77.344942 -70.557742 73.625034 -78.214888
8 170.040098 -27.643587 -113.180458 30.862573 -10.402520 -292.491238 61.679307 181.136156
1 29.520849 26.008127 12.597595 -12.813641 17.365176 -67.063302 5.776534 -11.391277
8 -5.666101 -6.139241 -19.561634 13.803777 -0.576012 -9.961193 -19.100273 47.200693
4 42.815378 9.389134 -103.354545 81.536061 -45.868162 -14.457979 16.885807 13.054307
6 -11.732308 45.242510 -127.864408 75.973502 -94.574570 138.791679 -13.138514 -12.697854
6 1.703121 -126.839236 25.386335 122.299583 -14.611481 156.045003 -75.232888 -88.750209
2 -17.608729 60.726948 -13.608717 -20.045077 14.524186 45.019951 -43.387240 -25.621230
6 -9.403379 -34.445911 -0.686278 -31.512022 1.516767 82.158401 -44.622126 36.994561
2 -10.182012 159.434630 48.533964 147.840224 -54.167042 -170.381618 -30.891379 -90.186500
1 93.615828 -21.133522 -21.469838 70.983707 -38.473075 21.356693 -46.513736 -58.365825
2 26.496281 40.038320 -13.979357 -8.855003 -10.444254 -4.962939 -13.575648 -14.717379
7 69.413224 -9.887934 -69.348019 0.778488 -61.439494 -34.045756 136.188979 -31.659290
2 81.791223 104.293236 -50.847459 48.228109 -20.325468 -45.688603 10.845627 -128.296627
1 73.536535 9.173740 -29.490504 -3.333816 11.218531 -24.264553 -45.827717 8.987835
1 172.238112 -159.844757 83.608737 169.220760 107.779802 -204.552069 -99.984333 -68.466497
1 227.817612 -190.779488 -147.941759 199.608025 76.045584 -162.594123 0.016184 -2.173022
6 96.490088 -10.509728 -22.236693 -35.776212 26.851274 125.769807 -115.054271 -65.534609
3 -21.947115 -0.470080 29.180041 1.416675 16.447528 -32.999068 0.425366 7.946601
4 105.877702 -59.185559 -71.614771 143.124796 -79.396836 127.201862 -94.924636 -71.082666
1 109.918795 -13.320127 -17.155620 -61.087828 -87.721297 37.461501 -36.311441 68.215755
4 -14.385779 6.001404 -36.480583 160.273653 -35.722488 -34.470157 -44.003211 -1.213370
4 -15.821622 4.240547 -67.564933 52.178181 14.574840 33.127549 21.972768 -42.707352
6 32.775395 -9.644648 -14.933504 10.351024 -4.425255 44.755153 -60.923546 2.045334
1 327.901178 100.586707 -278.542697 304.778558 -307.779712 299.223276 -60.533446 -385.634940
4 -7.282551 10.647607 -29.891781 23.559642 -11.262737 9.813671 15.426942 -11.010829
7 -7.890044 10.331958 -34.512946 7.867920 -1.544147 -24.617747 46.666630 3.698374
4 1.152009 22.751850 -52.975253 41.716872 -28.164910 -3.771595 -8.207364 27.498396
7 155.209657 -168.629213 -79.626856 145.879317 10.871681 -115.613568 165.497398 -113.588887
2 3.951011 316.628423 -391.964729 264.378163 75.967868 -159.653826 -112.278549 2.971070
1 58.013055 42.305955 -12.835688 -42.424194 47.297640 -37.201194 -13.469434 -41.686234
5 9.769567 3.947385 -28.938922 41.839700 42.924659 -25.583821 -38.825916 -5.132658
8 -3.025852 -31.393689 -87.143885 27.237375 -59.838433 -10.740128 -1.220553 166.125043
4 -28.399374 23.232313 -24.185525 71.015314 -9.610509 -21.138996 11.065656 -21.978949
1 68.672758 -0.782301 28.235735 35.014625 13.028792 -41.159832 -44.753593 -58.256278
4 4.951982 7.233046 -21.976384 23.679017 16.268536 -15.750881 4.362257 -18.767573
8 -14.829465 28.990490 -15.012988 -1.949093 -9.069133 -23.334045 -16.834765 52.038977
1 182.208023 41.302351 -194.415477 134.717571 -78.092977 35.452546 -59.336536 -61.836059
4 -0.809218 -63.522301 -103.670804 345.726104 47.551931 -150.370299 -31.079876 -43.825852
4 22.360623 -28.945780 -67.484351 70.028468 52.772228 53.904282 -3.518293 -99.117597
8 16.152866 13.981237 -14.800081 -35.809802 -15.779581 -7.800646 13.582881 30.473118
7 15.970146 -127.202269 32.046480 -12.217319 -70.597518 -24.462328 109.932343 76.530336
2 -54.591823 71.537912 -30.504850 23.164730 19.061588 26.319689 -112.620130 57.632792
6 -2.368330 28.168790 -69.232775 48.143901 9.442661 55.033493 -61.707286 -7.480494
8 0.153614 0.778483 -18.399329 -27.760649 -6.216225 0.694133 3.682790 47.067152
1 115.388134 -95.775061 2.007569 -24.254942 51.813534 4.763640 -60.579392 6.636495
8 -18.430168 -27.032049 -13.139693 20.257883 16.736550 -6.530651 -1.880062 30.018003
6 -48.496829 21.922984 2.755579 -15.785186 -7.219358 49.042368 -6.484846 4.265225
2 64.508876 103.659152 3.777680 -19.660790 -60.962367 36.862804 -31.069019 -97.116434
4 6.079135 15.032287 -104.928037 58.112458 -5.206791 -18.940670 43.303550 6.548026
4 182.144371 -119.140296 -123.011431 275.201415 -49.831508 -100.905851 5.909483 -70.366928
2 -67.811665 111.003770 -3.347927 -65.673573 42.006484 27.208546 -35.132163 -8.253636
2 138.221061 165.770769 -81.056280 129.169235 92.920517 -168.291861 -86.579824 -190.153982
4 58.765389 -164.545708 -16.011623 113.833073 24.433398 39.178964 -43.742484 -11.911008
4 57.679289 9.308877 -113.189923 101.959520 -11.949715 -72.183024 25.896904 2.477815
7 211.547181 -18.289225 -135.431216 52.173151 -115.969871 -101.240160 230.191716 -122.981681
2 -125.006577 71.984124 26.949803 -57.799517 62.157240 26.438944 17.150566 -21.874686
7 16.250740 -2.480865 -15.226027 7.275791 -23.997630 -4.490948 26.228468 -3.559633
2 153.413142 248.811313 -205.976143 62.374507 -21.767259 -144.241696 16.510944 -109.124913
6 -40.561213 60.520488 44.355483 -41.556609 -10.632025 61.348736 -72.415644 -1.059326
1 16.622869 -26.498214 -10.018787 9.431833 -3.497506 9.807104 11.011573 -6.858892
2 -57.762103 200.431456 -134.915948 109.815542 -158.975188 -9.940573 -39.958006 91.304293
8 -16.350326 -16.545566 -28.736080 23.919939 11.595942 22.937666 -21.078989 24.257397
8 -92.729981 -12.098772 15.053855 91.393416 89.522145 -51.835110 -131.919924 92.614246
4 24.120790 -14.113968 -25.885120 35.995396 2.234394 -7.034228 5.013284 -20.330632
4 26.112488 -31.797760 -123.555214 91.586030 -12.284054 -25.603147 19.219585 56.321827
1 145.672736 -1.491012 -177.217436 12.953726 27.792603 -104.779910 65.367633 31.701400
8 -52.453472 18.761634 40.182138 -50.670717 -116.780742 -2.216150 16.885805 146.291290
4 -100.302948 105.647054 -56.261638 143.788488 30.195291 -39.622778 17.740555 -101.184234
4 -63.699865 71.157201 22.191726 87.266845 4.722462 18.601288 -77.081135 -63.158941
4 447.442760 544.074085 -467.345103 678.057591 -247.213857 -3.075214 -277.322236 -674.619843
6 33.601096 -19.323453 43.490151 -25.003661 -132.331996 96.454297 32.262722 -29.149277
2 52.083361 69.059540 -7.458565 -34.428381 -30.006011 22.175831 -35.432287 -35.993528
5 130.710729 284.046965 -363.386495 101.683073 319.840768 -38.156308 -86.461261 -348.277970
8 -29.648320 68.460204 -52.747830 11.366050 10.381188 -55.969502 -45.852733 94.010853
7 77.804556 -31.826087 -31.353423 -72.080789 -81.817994 75.864692 81.815194 -18.406509
4 273.322604 -14.040829 -377.052839 553.272765 0.111046 -124.027229 -242.767281 -68.818929
4 16.268632 -75.931363 -54.499945 94.643463 21.984245 15.934495 -19.831975 1.432400
5 -17.679279 -50.079401 -30.136097 90.401187 145.890497 -45.208013 -162.664630 69.475553
8 5.118549 30.856155 -21.860831 -72.947256 -39.587693 34.288819 -17.414039 81.546069
